# Blender v2.79 (sub 0) OBJ File: ''
# www.blender.org
mtllib Ladder.mtl
o Cube_Cube.001
v -0.247799 0.539006 0.062344
v -0.276585 0.657091 0.062344
v -0.247799 0.539006 0.012332
v -0.276585 0.657091 0.012332
v 0.466191 0.713058 0.062344
v 0.437405 0.831143 0.062344
v 0.466191 0.713058 0.012332
v 0.437405 0.831143 0.012332
vn -0.9715 -0.2368 0.0000
vn 0.0000 0.0000 -1.0000
vn 0.9715 0.2368 0.0000
vn 0.0000 0.0000 1.0000
vn 0.2368 -0.9715 0.0000
vn -0.2368 0.9715 0.0000
usemtl None
s off
f 1//1 2//1 4//1 3//1
f 3//2 4//2 8//2 7//2
f 7//3 8//3 6//3 5//3
f 5//4 6//4 2//4 1//4
f 3//5 7//5 5//5 1//5
f 8//6 4//6 2//6 6//6
o Cylinder
v -0.241872 0.419354 -0.089806
v -0.241872 18.371414 -0.089806
v -0.231339 0.419354 -0.088769
v -0.231339 18.371414 -0.088769
v -0.221211 0.419354 -0.085696
v -0.221211 18.371414 -0.085696
v -0.211877 0.419354 -0.080707
v -0.211877 18.371414 -0.080707
v -0.203695 0.419354 -0.073993
v -0.203695 18.371414 -0.073993
v -0.196981 0.419354 -0.065811
v -0.196981 18.371414 -0.065811
v -0.191992 0.419354 -0.056477
v -0.191992 18.371414 -0.056477
v -0.188919 0.419354 -0.046349
v -0.188919 18.371414 -0.046349
v -0.187882 0.419354 -0.035816
v -0.187882 18.371414 -0.035816
v -0.188919 0.419354 -0.025283
v -0.188919 18.371414 -0.025283
v -0.191992 0.419354 -0.015155
v -0.191992 18.371414 -0.015155
v -0.196981 0.419354 -0.005821
v -0.196981 18.371414 -0.005821
v -0.203695 0.419354 0.002360
v -0.203695 18.371414 0.002360
v -0.211877 0.419354 0.009075
v -0.211877 18.371414 0.009075
v -0.221211 0.419354 0.014064
v -0.221211 18.371414 0.014064
v -0.231339 0.419354 0.017136
v -0.231339 18.371414 0.017136
v -0.241872 0.419354 0.018174
v -0.241872 18.371414 0.018174
v -0.252405 0.419354 0.017136
v -0.252405 18.371414 0.017136
v -0.262533 0.419354 0.014064
v -0.262533 18.371414 0.014064
v -0.271867 0.419354 0.009075
v -0.271867 18.371414 0.009075
v -0.280048 0.419354 0.002360
v -0.280048 18.371414 0.002360
v -0.286763 0.419354 -0.005821
v -0.286763 18.371414 -0.005821
v -0.291752 0.419354 -0.015155
v -0.291752 18.371414 -0.015155
v -0.294824 0.419354 -0.025283
v -0.294824 18.371414 -0.025283
v -0.295862 0.419354 -0.035816
v -0.295862 18.371414 -0.035816
v -0.294824 0.419354 -0.046349
v -0.294824 18.371414 -0.046349
v -0.291752 0.419354 -0.056477
v -0.291752 18.371414 -0.056477
v -0.286763 0.419354 -0.065811
v -0.286763 18.371414 -0.065811
v -0.280048 0.419354 -0.073993
v -0.280048 18.371414 -0.073993
v -0.271867 0.419354 -0.080707
v -0.271867 18.371414 -0.080707
v -0.262533 0.419354 -0.085696
v -0.262533 18.371414 -0.085696
v -0.252405 0.419354 -0.088769
v -0.252405 18.371414 -0.088769
vn 0.0980 0.0000 -0.9952
vn 0.2903 0.0000 -0.9569
vn 0.4714 0.0000 -0.8819
vn 0.6344 0.0000 -0.7730
vn 0.7730 0.0000 -0.6344
vn 0.8819 0.0000 -0.4714
vn 0.9569 0.0000 -0.2903
vn 0.9952 0.0000 -0.0980
vn 0.9952 0.0000 0.0980
vn 0.9569 0.0000 0.2903
vn 0.8819 0.0000 0.4714
vn 0.7730 0.0000 0.6344
vn 0.6344 0.0000 0.7730
vn 0.4714 0.0000 0.8819
vn 0.2903 0.0000 0.9569
vn 0.0980 0.0000 0.9952
vn -0.0980 0.0000 0.9952
vn -0.2903 0.0000 0.9569
vn -0.4714 0.0000 0.8819
vn -0.6344 0.0000 0.7730
vn -0.7730 0.0000 0.6344
vn -0.8819 0.0000 0.4714
vn -0.9569 0.0000 0.2903
vn -0.9952 0.0000 0.0980
vn -0.9952 0.0000 -0.0980
vn -0.9569 0.0000 -0.2903
vn -0.8819 0.0000 -0.4714
vn -0.7730 0.0000 -0.6344
vn -0.6344 0.0000 -0.7730
vn -0.4714 0.0000 -0.8819
vn 0.0000 1.0000 0.0000
vn -0.2903 0.0000 -0.9569
vn -0.0980 0.0000 -0.9952
vn 0.0000 -1.0000 0.0000
usemtl None
s off
f 9//7 10//7 12//7 11//7
f 11//8 12//8 14//8 13//8
f 13//9 14//9 16//9 15//9
f 15//10 16//10 18//10 17//10
f 17//11 18//11 20//11 19//11
f 19//12 20//12 22//12 21//12
f 21//13 22//13 24//13 23//13
f 23//14 24//14 26//14 25//14
f 25//15 26//15 28//15 27//15
f 27//16 28//16 30//16 29//16
f 29//17 30//17 32//17 31//17
f 31//18 32//18 34//18 33//18
f 33//19 34//19 36//19 35//19
f 35//20 36//20 38//20 37//20
f 37//21 38//21 40//21 39//21
f 39//22 40//22 42//22 41//22
f 41//23 42//23 44//23 43//23
f 43//24 44//24 46//24 45//24
f 45//25 46//25 48//25 47//25
f 47//26 48//26 50//26 49//26
f 49//27 50//27 52//27 51//27
f 51//28 52//28 54//28 53//28
f 53//29 54//29 56//29 55//29
f 55//30 56//30 58//30 57//30
f 57//31 58//31 60//31 59//31
f 59//32 60//32 62//32 61//32
f 61//33 62//33 64//33 63//33
f 63//34 64//34 66//34 65//34
f 65//35 66//35 68//35 67//35
f 67//36 68//36 70//36 69//36
f 12//37 10//37 72//37 70//37 68//37 66//37 64//37 62//37 60//37 58//37 56//37 54//37 52//37 50//37 48//37 46//37 44//37 42//37 40//37 38//37 36//37 34//37 32//37 30//37 28//37 26//37 24//37 22//37 20//37 18//37 16//37 14//37
f 69//38 70//38 72//38 71//38
f 71//39 72//39 10//39 9//39
f 9//40 11//40 13//40 15//40 17//40 19//40 21//40 23//40 25//40 27//40 29//40 31//40 33//40 35//40 37//40 39//40 41//40 43//40 45//40 47//40 49//40 51//40 53//40 55//40 57//40 59//40 61//40 63//40 65//40 67//40 69//40 71//40
o Cylinder.001
v 0.390957 0.419354 -0.089806
v 0.390957 18.371414 -0.089806
v 0.401490 0.419354 -0.088769
v 0.401490 18.371414 -0.088769
v 0.411618 0.419354 -0.085696
v 0.411618 18.371414 -0.085696
v 0.420952 0.419354 -0.080707
v 0.420952 18.371414 -0.080707
v 0.429134 0.419354 -0.073993
v 0.429134 18.371414 -0.073993
v 0.435848 0.419354 -0.065811
v 0.435848 18.371414 -0.065811
v 0.440837 0.419354 -0.056477
v 0.440837 18.371414 -0.056477
v 0.443909 0.419354 -0.046349
v 0.443909 18.371414 -0.046349
v 0.444947 0.419354 -0.035816
v 0.444947 18.371414 -0.035816
v 0.443909 0.419354 -0.025283
v 0.443909 18.371414 -0.025283
v 0.440837 0.419354 -0.015155
v 0.440837 18.371414 -0.015155
v 0.435848 0.419354 -0.005821
v 0.435848 18.371414 -0.005821
v 0.429134 0.419354 0.002360
v 0.429134 18.371414 0.002360
v 0.420952 0.419354 0.009075
v 0.420952 18.371414 0.009075
v 0.411618 0.419354 0.014064
v 0.411618 18.371414 0.014064
v 0.401490 0.419354 0.017136
v 0.401490 18.371414 0.017136
v 0.390957 0.419354 0.018174
v 0.390957 18.371414 0.018174
v 0.380424 0.419354 0.017136
v 0.380424 18.371414 0.017136
v 0.370296 0.419354 0.014064
v 0.370296 18.371414 0.014064
v 0.360962 0.419354 0.009075
v 0.360962 18.371414 0.009075
v 0.352780 0.419354 0.002360
v 0.352780 18.371414 0.002360
v 0.346066 0.419354 -0.005821
v 0.346066 18.371414 -0.005821
v 0.341077 0.419354 -0.015155
v 0.341077 18.371414 -0.015155
v 0.338005 0.419354 -0.025283
v 0.338005 18.371414 -0.025283
v 0.336967 0.419354 -0.035816
v 0.336967 18.371414 -0.035816
v 0.338005 0.419354 -0.046349
v 0.338005 18.371414 -0.046349
v 0.341077 0.419354 -0.056477
v 0.341077 18.371414 -0.056477
v 0.346066 0.419354 -0.065811
v 0.346066 18.371414 -0.065811
v 0.352781 0.419354 -0.073993
v 0.352781 18.371414 -0.073993
v 0.360962 0.419354 -0.080707
v 0.360962 18.371414 -0.080707
v 0.370296 0.419354 -0.085696
v 0.370296 18.371414 -0.085696
v 0.380424 0.419354 -0.088769
v 0.380424 18.371414 -0.088769
vn 0.0980 0.0000 -0.9952
vn 0.2903 0.0000 -0.9569
vn 0.4714 0.0000 -0.8819
vn 0.6344 0.0000 -0.7730
vn 0.7730 0.0000 -0.6344
vn 0.8819 0.0000 -0.4714
vn 0.9569 0.0000 -0.2903
vn 0.9952 0.0000 -0.0980
vn 0.9952 0.0000 0.0980
vn 0.9569 0.0000 0.2903
vn 0.8819 0.0000 0.4714
vn 0.7730 0.0000 0.6344
vn 0.6344 0.0000 0.7730
vn 0.4714 0.0000 0.8819
vn 0.2903 0.0000 0.9569
vn 0.0980 0.0000 0.9952
vn -0.0980 0.0000 0.9952
vn -0.2903 0.0000 0.9569
vn -0.4714 0.0000 0.8819
vn -0.6344 0.0000 0.7730
vn -0.7730 0.0000 0.6344
vn -0.8819 0.0000 0.4714
vn -0.9569 0.0000 0.2903
vn -0.9952 0.0000 0.0980
vn -0.9952 0.0000 -0.0980
vn -0.9569 0.0000 -0.2903
vn -0.8819 0.0000 -0.4714
vn -0.7730 0.0000 -0.6344
vn -0.6344 0.0000 -0.7730
vn -0.4714 0.0000 -0.8819
vn 0.0000 1.0000 0.0000
vn -0.2903 0.0000 -0.9569
vn -0.0980 0.0000 -0.9952
vn 0.0000 -1.0000 0.0000
usemtl None
s off
f 73//41 74//41 76//41 75//41
f 75//42 76//42 78//42 77//42
f 77//43 78//43 80//43 79//43
f 79//44 80//44 82//44 81//44
f 81//45 82//45 84//45 83//45
f 83//46 84//46 86//46 85//46
f 85//47 86//47 88//47 87//47
f 87//48 88//48 90//48 89//48
f 89//49 90//49 92//49 91//49
f 91//50 92//50 94//50 93//50
f 93//51 94//51 96//51 95//51
f 95//52 96//52 98//52 97//52
f 97//53 98//53 100//53 99//53
f 99//54 100//54 102//54 101//54
f 101//55 102//55 104//55 103//55
f 103//56 104//56 106//56 105//56
f 105//57 106//57 108//57 107//57
f 107//58 108//58 110//58 109//58
f 109//59 110//59 112//59 111//59
f 111//60 112//60 114//60 113//60
f 113//61 114//61 116//61 115//61
f 115//62 116//62 118//62 117//62
f 117//63 118//63 120//63 119//63
f 119//64 120//64 122//64 121//64
f 121//65 122//65 124//65 123//65
f 123//66 124//66 126//66 125//66
f 125//67 126//67 128//67 127//67
f 127//68 128//68 130//68 129//68
f 129//69 130//69 132//69 131//69
f 131//70 132//70 134//70 133//70
f 76//71 74//71 136//71 134//71 132//71 130//71 128//71 126//71 124//71 122//71 120//71 118//71 116//71 114//71 112//71 110//71 108//71 106//71 104//71 102//71 100//71 98//71 96//71 94//71 92//71 90//71 88//71 86//71 84//71 82//71 80//71 78//71
f 133//72 134//72 136//72 135//72
f 135//73 136//73 74//73 73//73
f 73//74 75//74 77//74 79//74 81//74 83//74 85//74 87//74 89//74 91//74 93//74 95//74 97//74 99//74 101//74 103//74 105//74 107//74 109//74 111//74 113//74 115//74 117//74 119//74 121//74 123//74 125//74 127//74 129//74 131//74 133//74 135//74
o Cube.001_Cube.002
v -0.320662 1.118874 0.062344
v -0.303956 1.239264 0.062344
v -0.320662 1.118874 0.012332
v -0.303956 1.239264 0.012332
v 0.407262 1.017867 0.062344
v 0.423967 1.138256 0.062344
v 0.407262 1.017867 0.012332
v 0.423967 1.138256 0.012332
vn -0.9905 0.1374 0.0000
vn 0.0000 0.0000 -1.0000
vn 0.9905 -0.1374 0.0000
vn 0.0000 0.0000 1.0000
vn -0.1374 -0.9905 0.0000
vn 0.1374 0.9905 0.0000
usemtl None
s off
f 137//75 138//75 140//75 139//75
f 139//76 140//76 144//76 143//76
f 143//77 144//77 142//77 141//77
f 141//78 142//78 138//78 137//78
f 139//79 143//79 141//79 137//79
f 144//80 140//80 138//80 142//80
o Cube.002_Cube.003
v -0.299073 1.485701 0.062344
v -0.291653 1.607017 0.062344
v -0.299073 1.485701 0.012332
v -0.291653 1.607017 0.012332
v 0.434455 1.440837 0.062344
v 0.441875 1.562153 0.062344
v 0.434455 1.440837 0.012332
v 0.441875 1.562153 0.012332
vn -0.9981 0.0610 0.0000
vn -0.0000 0.0000 -1.0000
vn 0.9981 -0.0610 0.0000
vn 0.0000 0.0000 1.0000
vn -0.0610 -0.9981 0.0000
vn 0.0610 0.9981 0.0000
usemtl None
s off
f 145//81 146//81 148//81 147//81
f 147//82 148//82 152//82 151//82
f 151//83 152//83 150//83 149//83
f 149//84 150//84 146//84 145//84
f 147//85 151//85 149//85 145//85
f 152//86 148//86 146//86 150//86
o Cube.003_Cube.004
v -0.287321 1.955872 0.062344
v -0.225451 2.060489 0.062344
v -0.287321 1.955872 0.012332
v -0.225451 2.060489 0.012332
v 0.345237 1.581779 0.062344
v 0.407107 1.686396 0.062344
v 0.345237 1.581779 0.012332
v 0.407107 1.686396 0.012332
vn -0.8607 0.5090 0.0000
vn 0.0000 0.0000 -1.0000
vn 0.8607 -0.5090 0.0000
vn 0.0000 0.0000 1.0000
vn -0.5090 -0.8607 0.0000
vn 0.5090 0.8607 0.0000
usemtl None
s off
f 153//87 154//87 156//87 155//87
f 155//88 156//88 160//88 159//88
f 159//89 160//89 158//89 157//89
f 157//90 158//90 154//90 153//90
f 155//91 159//91 157//91 153//91
f 160//92 156//92 154//92 158//92
o Cube.004_Cube.005
v -0.281900 2.219815 0.062344
v -0.275539 2.341192 0.062344
v -0.281900 2.219815 0.012332
v -0.275539 2.341192 0.012332
v 0.451991 2.181354 0.062344
v 0.458352 2.302730 0.062344
v 0.451991 2.181354 0.012332
v 0.458352 2.302730 0.012332
vn -0.9986 0.0523 0.0000
vn -0.0000 0.0000 -1.0000
vn 0.9986 -0.0523 0.0000
vn 0.0000 0.0000 1.0000
vn -0.0523 -0.9986 0.0000
vn 0.0523 0.9986 0.0000
usemtl None
s off
f 161//93 162//93 164//93 163//93
f 163//94 164//94 168//94 167//94
f 167//95 168//95 166//95 165//95
f 165//96 166//96 162//96 161//96
f 163//97 167//97 165//97 161//97
f 168//98 164//98 162//98 166//98
o Cube.005_Cube.006
v -0.267645 2.534495 0.062344
v -0.293952 2.653157 0.062344
v -0.267645 2.534495 0.012332
v -0.293952 2.653157 0.012332
v 0.449833 2.693556 0.062344
v 0.423526 2.812218 0.062344
v 0.449833 2.693556 0.012332
v 0.423526 2.812218 0.012332
vn -0.9763 -0.2164 0.0000
vn -0.0000 0.0000 -1.0000
vn 0.9763 0.2164 0.0000
vn 0.0000 0.0000 1.0000
vn 0.2164 -0.9763 0.0000
vn -0.2164 0.9763 0.0000
usemtl None
s off
f 169//99 170//99 172//99 171//99
f 171//100 172//100 176//100 175//100
f 175//101 176//101 174//101 173//101
f 173//102 174//102 170//102 169//102
f 171//103 175//103 173//103 169//103
f 176//104 172//104 170//104 174//104
o Cube.006_Cube.007
v -0.282810 2.956657 0.062344
v -0.288959 3.078045 0.062344
v -0.282810 2.956657 0.012332
v -0.288959 3.078045 0.012332
v 0.451147 2.993838 0.062344
v 0.444998 3.115225 0.062344
v 0.451147 2.993838 0.012332
v 0.444998 3.115225 0.012332
vn -0.9987 -0.0506 0.0000
vn 0.0000 0.0000 -1.0000
vn 0.9987 0.0506 0.0000
vn 0.0000 0.0000 1.0000
vn 0.0506 -0.9987 0.0000
vn -0.0506 0.9987 0.0000
usemtl None
s off
f 177//105 178//105 180//105 179//105
f 179//106 180//106 184//106 183//106
f 183//107 184//107 182//107 181//107
f 181//108 182//108 178//108 177//108
f 179//109 183//109 181//109 177//109
f 184//110 180//110 178//110 182//110
o Cube.007_Cube.008
v -0.277049 3.533158 0.062344
v -0.225298 3.643133 0.062344
v -0.277049 3.533158 0.012332
v -0.225298 3.643133 0.012332
v 0.387907 3.220254 0.062344
v 0.439658 3.330229 0.062344
v 0.387907 3.220254 0.012332
v 0.439658 3.330229 0.012332
vn -0.9048 0.4258 0.0000
vn -0.0000 0.0000 -1.0000
vn 0.9048 -0.4258 0.0000
vn 0.0000 0.0000 1.0000
vn -0.4258 -0.9048 0.0000
vn 0.4258 0.9048 0.0000
usemtl None
s off
f 185//111 186//111 188//111 187//111
f 187//112 188//112 192//112 191//112
f 191//113 192//113 190//113 189//113
f 189//114 190//114 186//114 185//114
f 187//115 191//115 189//115 185//115
f 192//116 188//116 186//116 190//116
o Cube.008_Cube.009
v -0.321955 3.936421 0.062344
v -0.289678 4.053599 0.062344
v -0.321955 3.936421 0.012332
v -0.289678 4.053599 0.012332
v 0.386557 3.741264 0.062344
v 0.418834 3.858443 0.062344
v 0.386557 3.741264 0.012332
v 0.418834 3.858443 0.012332
vn -0.9641 0.2656 0.0000
vn 0.0000 0.0000 -1.0000
vn 0.9641 -0.2656 0.0000
vn 0.0000 0.0000 1.0000
vn -0.2656 -0.9641 0.0000
vn 0.2656 0.9641 0.0000
usemtl None
s off
f 193//117 194//117 196//117 195//117
f 195//118 196//118 200//118 199//118
f 199//119 200//119 198//119 197//119
f 197//120 198//120 194//120 193//120
f 195//121 199//121 197//121 193//121
f 200//122 196//122 194//122 198//122
o Cube.009_Cube.010
v -0.275579 4.260421 0.062344
v -0.289338 4.381183 0.062344
v -0.275579 4.260421 0.012332
v -0.289338 4.381183 0.012332
v 0.454595 4.343614 0.062344
v 0.440836 4.464375 0.062344
v 0.454595 4.343614 0.012332
v 0.440836 4.464375 0.012332
vn -0.9936 -0.1132 0.0000
vn 0.0000 0.0000 -1.0000
vn 0.9936 0.1132 0.0000
vn 0.0000 0.0000 1.0000
vn 0.1132 -0.9936 0.0000
vn -0.1132 0.9936 0.0000
usemtl None
s off
f 201//123 202//123 204//123 203//123
f 203//124 204//124 208//124 207//124
f 207//125 208//125 206//125 205//125
f 205//126 206//126 202//126 201//126
f 203//127 207//127 205//127 201//127
f 208//128 204//128 202//128 206//128
o Cube.010_Cube.011
v -0.298005 4.765458 0.062344
v -0.286356 4.886441 0.062344
v -0.298005 4.765458 0.012332
v -0.286356 4.886441 0.012332
v 0.433510 4.695022 0.062344
v 0.445159 4.816005 0.062344
v 0.433510 4.695022 0.012332
v 0.445159 4.816005 0.012332
vn -0.9954 0.0958 0.0000
vn -0.0000 0.0000 -1.0000
vn 0.9954 -0.0958 0.0000
vn 0.0000 0.0000 1.0000
vn -0.0958 -0.9954 0.0000
vn 0.0958 0.9954 0.0000
usemtl None
s off
f 209//129 210//129 212//129 211//129
f 211//130 212//130 216//130 215//130
f 215//131 216//131 214//131 213//131
f 213//132 214//132 210//132 209//132
f 211//133 215//133 213//133 209//133
f 216//134 212//134 210//134 214//134
o Cube.011_Cube.012
v -0.305379 5.293684 0.062344
v -0.234799 5.392633 0.062344
v -0.305379 5.293684 0.012332
v -0.234799 5.392633 0.012332
v 0.292913 4.866926 0.062344
v 0.363493 4.965876 0.062344
v 0.292913 4.866926 0.012332
v 0.363493 4.965876 0.012332
vn -0.8141 0.5807 0.0000
vn 0.0000 0.0000 -1.0000
vn 0.8141 -0.5807 0.0000
vn 0.0000 0.0000 1.0000
vn -0.5807 -0.8141 0.0000
vn 0.5807 0.8141 0.0000
usemtl None
s off
f 217//135 218//135 220//135 219//135
f 219//136 220//136 224//136 223//136
f 223//137 224//137 222//137 221//137
f 221//138 222//138 218//138 217//138
f 219//139 223//139 221//139 217//139
f 224//140 220//140 218//140 222//140
o Cube.012_Cube.013
v -0.276701 5.544597 0.062344
v -0.305487 5.662682 0.062344
v -0.276701 5.544597 0.012332
v -0.305487 5.662682 0.012332
v 0.437289 5.718649 0.062344
v 0.408503 5.836734 0.062344
v 0.437289 5.718649 0.012332
v 0.408503 5.836734 0.012332
vn -0.9715 -0.2368 0.0000
vn 0.0000 0.0000 -1.0000
vn 0.9715 0.2368 0.0000
vn 0.0000 0.0000 1.0000
vn 0.2368 -0.9715 0.0000
vn -0.2368 0.9715 0.0000
usemtl None
s off
f 225//141 226//141 228//141 227//141
f 227//142 228//142 232//142 231//142
f 231//143 232//143 230//143 229//143
f 229//144 230//144 226//144 225//144
f 227//145 231//145 229//145 225//145
f 232//146 228//146 226//146 230//146
o Cube.013_Cube.014
v -0.282283 6.119386 0.062344
v -0.278466 6.240869 0.062344
v -0.282283 6.119386 0.012332
v -0.278466 6.240869 0.012332
v 0.452252 6.096302 0.062344
v 0.456070 6.217785 0.062344
v 0.452252 6.096302 0.012332
v 0.456070 6.217785 0.012332
vn -0.9995 0.0314 0.0000
vn 0.0000 0.0000 -1.0000
vn 0.9995 -0.0314 0.0000
vn 0.0000 0.0000 1.0000
vn -0.0314 -0.9995 0.0000
vn 0.0314 0.9995 0.0000
usemtl None
s off
f 233//147 234//147 236//147 235//147
f 235//148 236//148 240//148 239//148
f 239//149 240//149 238//149 237//149
f 237//150 238//150 234//150 233//150
f 235//151 239//151 237//151 233//151
f 240//152 236//152 234//152 238//152
o Cube.014_Cube.015
v -0.273947 6.736377 0.062344
v -0.243310 6.853995 0.062344
v -0.273947 6.736377 0.012332
v -0.243310 6.853995 0.012332
v 0.437220 6.551132 0.062344
v 0.467858 6.668750 0.062344
v 0.437220 6.551132 0.012332
v 0.467858 6.668750 0.012332
vn -0.9677 0.2521 0.0000
vn 0.0000 0.0000 -1.0000
vn 0.9677 -0.2521 0.0000
vn 0.0000 0.0000 1.0000
vn -0.2521 -0.9677 0.0000
vn 0.2521 0.9677 0.0000
usemtl None
s off
f 241//153 242//153 244//153 243//153
f 243//154 244//154 248//154 247//154
f 247//155 248//155 246//155 245//155
f 245//156 246//156 242//156 241//156
f 243//157 247//157 245//157 241//157
f 248//158 244//158 242//158 246//158
o Cube.015_Cube.016
v -0.301272 7.133393 0.062344
v -0.290256 7.254436 0.062344
v -0.301272 7.133393 0.012332
v -0.290256 7.254436 0.012332
v 0.430602 7.066787 0.062344
v 0.441618 7.187830 0.062344
v 0.430602 7.066787 0.012332
v 0.441618 7.187830 0.012332
vn -0.9959 0.0906 0.0000
vn 0.0000 0.0000 -1.0000
vn 0.9959 -0.0906 0.0000
vn 0.0000 0.0000 1.0000
vn -0.0906 -0.9959 0.0000
vn 0.0906 0.9959 0.0000
usemtl None
s off
f 249//159 250//159 252//159 251//159
f 251//160 252//160 256//160 255//160
f 255//161 256//161 254//161 253//161
f 253//162 254//162 250//162 249//162
f 251//163 255//163 253//163 249//163
f 256//164 252//164 250//164 254//164
o Cube.016_Cube.017
v -0.301272 7.558882 0.062344
v -0.290256 7.679924 0.062344
v -0.301272 7.558882 0.012332
v -0.290256 7.679924 0.012332
v 0.430602 7.492276 0.062344
v 0.441618 7.613318 0.062344
v 0.430602 7.492276 0.012332
v 0.441618 7.613318 0.012332
vn -0.9959 0.0906 0.0000
vn 0.0000 0.0000 -1.0000
vn 0.9959 -0.0906 0.0000
vn 0.0000 0.0000 1.0000
vn -0.0906 -0.9959 0.0000
vn 0.0906 0.9959 0.0000
usemtl None
s off
f 257//165 258//165 260//165 259//165
f 259//166 260//166 264//166 263//166
f 263//167 264//167 262//167 261//167
f 261//168 262//168 258//168 257//168
f 259//169 263//169 261//169 257//169
f 264//170 260//170 258//170 262//170
o Cube.017_Cube.018
v -0.296806 8.087296 0.062344
v -0.260459 8.203277 0.062344
v -0.296806 8.087296 0.012332
v -0.260459 8.203277 0.012332
v 0.404464 7.867531 0.062344
v 0.440810 7.983512 0.062344
v 0.404464 7.867531 0.012332
v 0.440810 7.983512 0.012332
vn -0.9542 0.2990 0.0000
vn 0.0000 0.0000 -1.0000
vn 0.9542 -0.2990 0.0000
vn 0.0000 0.0000 1.0000
vn -0.2990 -0.9542 0.0000
vn 0.2990 0.9542 0.0000
usemtl None
s off
f 265//171 266//171 268//171 267//171
f 267//172 268//172 272//172 271//172
f 271//173 272//173 270//173 269//173
f 269//174 270//174 266//174 265//174
f 267//175 271//175 269//175 265//175
f 272//176 268//176 266//176 270//176
o Cube.018_Cube.019
v -0.295029 8.548146 0.062344
v -0.304142 8.669347 0.062344
v -0.295029 8.548146 0.012332
v -0.304142 8.669347 0.012332
v 0.437801 8.603248 0.062344
v 0.428688 8.724448 0.062344
v 0.437801 8.603248 0.012332
v 0.428688 8.724448 0.012332
vn -0.9972 -0.0750 0.0000
vn 0.0000 0.0000 -1.0000
vn 0.9972 0.0750 0.0000
vn 0.0000 0.0000 1.0000
vn 0.0750 -0.9972 0.0000
vn -0.0750 0.9972 0.0000
usemtl None
s off
f 273//177 274//177 276//177 275//177
f 275//178 276//178 280//178 279//178
f 279//179 280//179 278//179 277//179
f 277//180 278//180 274//180 273//180
f 275//181 279//181 277//181 273//181
f 280//182 276//182 274//182 278//182
o Cube.019_Cube.020
v -0.284456 9.186707 0.062344
v -0.263977 9.306513 0.062344
v -0.284456 9.186707 0.012332
v -0.263977 9.306513 0.012332
v 0.439936 9.062885 0.062344
v 0.460415 9.182691 0.062344
v 0.439936 9.062885 0.012332
v 0.460415 9.182691 0.012332
vn -0.9857 0.1685 0.0000
vn 0.0000 0.0000 -1.0000
vn 0.9857 -0.1685 0.0000
vn 0.0000 0.0000 1.0000
vn -0.1685 -0.9857 0.0000
vn 0.1685 0.9857 0.0000
usemtl None
s off
f 281//183 282//183 284//183 283//183
f 283//184 284//184 288//184 287//184
f 287//185 288//185 286//185 285//185
f 285//186 286//186 282//186 281//186
f 283//187 287//187 285//187 281//187
f 288//188 284//188 282//188 286//188
o Cube.020_Cube.021
v -0.300645 9.653243 0.062344
v -0.230237 9.752316 0.062344
v -0.300645 9.653243 0.012332
v -0.230237 9.752316 0.012332
v 0.298391 9.227530 0.062344
v 0.368799 9.326603 0.062344
v 0.298391 9.227530 0.012332
v 0.368799 9.326603 0.012332
vn -0.8151 0.5793 0.0000
vn 0.0000 0.0000 -1.0000
vn 0.8151 -0.5793 0.0000
vn 0.0000 0.0000 1.0000
vn -0.5793 -0.8151 0.0000
vn 0.5793 0.8151 0.0000
usemtl None
s off
f 289//189 290//189 292//189 291//189
f 291//190 292//190 296//190 295//190
f 295//191 296//191 294//191 293//191
f 293//192 294//192 290//192 289//192
f 291//193 295//193 293//193 289//193
f 296//194 292//194 290//194 294//194
o Cube.038_Cube.039
v -0.280956 10.265468 0.062344
v -0.222775 10.372180 0.062344
v -0.280956 10.265468 0.012332
v -0.222775 10.372180 0.012332
v 0.364272 9.913677 0.062344
v 0.422453 10.020391 0.062344
v 0.364272 9.913677 0.012332
v 0.422453 10.020391 0.012332
vn -0.8780 0.4787 0.0000
vn -0.0000 0.0000 -1.0000
vn 0.8780 -0.4787 0.0000
vn 0.0000 0.0000 1.0000
vn -0.4787 -0.8780 0.0000
vn 0.4787 0.8780 0.0000
usemtl None
s off
f 297//195 298//195 300//195 299//195
f 299//196 300//196 304//196 303//196
f 303//197 304//197 302//197 301//197
f 301//198 302//198 298//198 297//198
f 299//199 303//199 301//199 297//199
f 304//200 300//200 298//200 302//200
o Cube.037_Cube.038
v -0.320662 10.649556 0.062344
v -0.303956 10.769945 0.062344
v -0.320662 10.649556 0.012332
v -0.303956 10.769945 0.012332
v 0.407262 10.548549 0.062344
v 0.423967 10.668938 0.062344
v 0.407262 10.548549 0.012332
v 0.423967 10.668938 0.012332
vn -0.9905 0.1374 0.0000
vn 0.0000 0.0000 -1.0000
vn 0.9905 -0.1374 0.0000
vn 0.0000 0.0000 1.0000
vn -0.1374 -0.9905 0.0000
vn 0.1374 0.9905 0.0000
usemtl None
s off
f 305//201 306//201 308//201 307//201
f 307//202 308//202 312//202 311//202
f 311//203 312//203 310//203 309//203
f 309//204 310//204 306//204 305//204
f 307//205 311//205 309//205 305//205
f 312//206 308//206 306//206 310//206
o Cube.036_Cube.037
v -0.299073 11.016383 0.062344
v -0.291653 11.137699 0.062344
v -0.299073 11.016383 0.012332
v -0.291653 11.137699 0.012332
v 0.434455 10.971519 0.062344
v 0.441875 11.092835 0.062344
v 0.434455 10.971519 0.012332
v 0.441875 11.092835 0.012332
vn -0.9981 0.0610 0.0000
vn -0.0000 0.0000 -1.0000
vn 0.9981 -0.0610 0.0000
vn 0.0000 0.0000 1.0000
vn -0.0610 -0.9981 0.0000
vn 0.0610 0.9981 0.0000
usemtl None
s off
f 313//207 314//207 316//207 315//207
f 315//208 316//208 320//208 319//208
f 319//209 320//209 318//209 317//209
f 317//210 318//210 314//210 313//210
f 315//211 319//211 317//211 313//211
f 320//212 316//212 314//212 318//212
o Cube.035_Cube.036
v -0.287321 11.486553 0.062344
v -0.225451 11.591170 0.062344
v -0.287321 11.486553 0.012332
v -0.225451 11.591170 0.012332
v 0.345237 11.112460 0.062344
v 0.407107 11.217077 0.062344
v 0.345237 11.112460 0.012332
v 0.407107 11.217077 0.012332
vn -0.8607 0.5090 0.0000
vn 0.0000 0.0000 -1.0000
vn 0.8607 -0.5090 0.0000
vn 0.0000 0.0000 1.0000
vn -0.5090 -0.8607 0.0000
vn 0.5090 0.8607 0.0000
usemtl None
s off
f 321//213 322//213 324//213 323//213
f 323//214 324//214 328//214 327//214
f 327//215 328//215 326//215 325//215
f 325//216 326//216 322//216 321//216
f 323//217 327//217 325//217 321//217
f 328//218 324//218 322//218 326//218
o Cube.034_Cube.035
v -0.281900 11.750497 0.062344
v -0.275539 11.871874 0.062344
v -0.281900 11.750497 0.012332
v -0.275539 11.871874 0.012332
v 0.451991 11.712036 0.062344
v 0.458352 11.833412 0.062344
v 0.451991 11.712036 0.012332
v 0.458352 11.833412 0.012332
vn -0.9986 0.0523 0.0000
vn -0.0000 0.0000 -1.0000
vn 0.9986 -0.0523 0.0000
vn 0.0000 0.0000 1.0000
vn -0.0523 -0.9986 0.0000
vn 0.0523 0.9986 0.0000
usemtl None
s off
f 329//219 330//219 332//219 331//219
f 331//220 332//220 336//220 335//220
f 335//221 336//221 334//221 333//221
f 333//222 334//222 330//222 329//222
f 331//223 335//223 333//223 329//223
f 336//224 332//224 330//224 334//224
o Cube.033_Cube.034
v -0.267645 12.065176 0.062344
v -0.293952 12.183838 0.062344
v -0.267645 12.065176 0.012332
v -0.293952 12.183838 0.012332
v 0.449833 12.224237 0.062344
v 0.423526 12.342899 0.062344
v 0.449833 12.224237 0.012332
v 0.423526 12.342899 0.012332
vn -0.9763 -0.2164 0.0000
vn 0.0000 0.0000 -1.0000
vn 0.9763 0.2164 0.0000
vn 0.0000 0.0000 1.0000
vn 0.2164 -0.9763 0.0000
vn -0.2164 0.9763 0.0000
usemtl None
s off
f 337//225 338//225 340//225 339//225
f 339//226 340//226 344//226 343//226
f 343//227 344//227 342//227 341//227
f 341//228 342//228 338//228 337//228
f 339//229 343//229 341//229 337//229
f 344//230 340//230 338//230 342//230
o Cube.032_Cube.033
v -0.282810 12.487339 0.062344
v -0.288959 12.608727 0.062344
v -0.282810 12.487339 0.012332
v -0.288959 12.608727 0.012332
v 0.451147 12.524520 0.062344
v 0.444998 12.645906 0.062344
v 0.451147 12.524520 0.012332
v 0.444998 12.645906 0.012332
vn -0.9987 -0.0506 0.0000
vn 0.0000 0.0000 -1.0000
vn 0.9987 0.0506 0.0000
vn 0.0000 0.0000 1.0000
vn 0.0506 -0.9987 0.0000
vn -0.0506 0.9987 0.0000
usemtl None
s off
f 345//231 346//231 348//231 347//231
f 347//232 348//232 352//232 351//232
f 351//233 352//233 350//233 349//233
f 349//234 350//234 346//234 345//234
f 347//235 351//235 349//235 345//235
f 352//236 348//236 346//236 350//236
o Cube.031_Cube.032
v -0.277049 13.063840 0.062344
v -0.225298 13.173815 0.062344
v -0.277049 13.063840 0.012332
v -0.225298 13.173815 0.012332
v 0.387907 12.750936 0.062344
v 0.439658 12.860910 0.062344
v 0.387907 12.750936 0.012332
v 0.439658 12.860910 0.012332
vn -0.9048 0.4258 0.0000
vn 0.0000 0.0000 -1.0000
vn 0.9048 -0.4258 0.0000
vn -0.0000 0.0000 1.0000
vn -0.4258 -0.9048 0.0000
vn 0.4258 0.9048 0.0000
usemtl None
s off
f 353//237 354//237 356//237 355//237
f 355//238 356//238 360//238 359//238
f 359//239 360//239 358//239 357//239
f 357//240 358//240 354//240 353//240
f 355//241 359//241 357//241 353//241
f 360//242 356//242 354//242 358//242
o Cube.030_Cube.031
v -0.321955 13.467102 0.062344
v -0.289678 13.584281 0.062344
v -0.321955 13.467102 0.012332
v -0.289678 13.584281 0.012332
v 0.386557 13.271946 0.062344
v 0.418834 13.389125 0.062344
v 0.386557 13.271946 0.012332
v 0.418834 13.389125 0.012332
vn -0.9641 0.2656 0.0000
vn -0.0000 0.0000 -1.0000
vn 0.9641 -0.2656 0.0000
vn 0.0000 0.0000 1.0000
vn -0.2656 -0.9641 0.0000
vn 0.2656 0.9641 0.0000
usemtl None
s off
f 361//243 362//243 364//243 363//243
f 363//244 364//244 368//244 367//244
f 367//245 368//245 366//245 365//245
f 365//246 366//246 362//246 361//246
f 363//247 367//247 365//247 361//247
f 368//248 364//248 362//248 366//248
o Cube.029_Cube.030
v -0.275579 13.791103 0.062344
v -0.289338 13.911864 0.062344
v -0.275579 13.791103 0.012332
v -0.289338 13.911864 0.012332
v 0.454595 13.874296 0.062344
v 0.440836 13.995057 0.062344
v 0.454595 13.874296 0.012332
v 0.440836 13.995057 0.012332
vn -0.9936 -0.1132 0.0000
vn 0.0000 0.0000 -1.0000
vn 0.9936 0.1132 0.0000
vn 0.0000 0.0000 1.0000
vn 0.1132 -0.9936 0.0000
vn -0.1132 0.9936 0.0000
usemtl None
s off
f 369//249 370//249 372//249 371//249
f 371//250 372//250 376//250 375//250
f 375//251 376//251 374//251 373//251
f 373//252 374//252 370//252 369//252
f 371//253 375//253 373//253 369//253
f 376//254 372//254 370//254 374//254
o Cube.028_Cube.029
v -0.298005 14.296140 0.062344
v -0.286356 14.417123 0.062344
v -0.298005 14.296140 0.012332
v -0.286356 14.417123 0.012332
v 0.433510 14.225703 0.062344
v 0.445159 14.346686 0.062344
v 0.433510 14.225703 0.012332
v 0.445159 14.346686 0.012332
vn -0.9954 0.0958 0.0000
vn -0.0000 0.0000 -1.0000
vn 0.9954 -0.0958 0.0000
vn 0.0000 0.0000 1.0000
vn -0.0958 -0.9954 0.0000
vn 0.0958 0.9954 0.0000
usemtl None
s off
f 377//255 378//255 380//255 379//255
f 379//256 380//256 384//256 383//256
f 383//257 384//257 382//257 381//257
f 381//258 382//258 378//258 377//258
f 379//259 383//259 381//259 377//259
f 384//260 380//260 378//260 382//260
o Cube.027_Cube.028
v -0.144109 14.471092 0.062344
v -0.202848 14.577499 0.062344
v -0.144109 14.471092 0.012332
v -0.202848 14.577499 0.012332
v 0.499268 14.826256 0.062344
v 0.440529 14.932662 0.062344
v 0.499268 14.826256 0.012332
v 0.440529 14.932662 0.012332
vn -0.8755 -0.4833 0.0000
vn 0.0000 0.0000 -1.0000
vn 0.8755 0.4833 0.0000
vn -0.0000 0.0000 1.0000
vn 0.4833 -0.8755 0.0000
vn -0.4833 0.8755 0.0000
usemtl None
s off
f 385//261 386//261 388//261 387//261
f 387//262 388//262 392//262 391//262
f 391//263 392//263 390//263 389//263
f 389//264 390//264 386//264 385//264
f 387//265 391//265 389//265 385//265
f 392//266 388//266 386//266 390//266
o Cube.026_Cube.027
v -0.276701 15.075278 0.062344
v -0.305487 15.193363 0.062344
v -0.276701 15.075278 0.012332
v -0.305487 15.193363 0.012332
v 0.437289 15.249331 0.062344
v 0.408503 15.367415 0.062344
v 0.437289 15.249331 0.012332
v 0.408503 15.367415 0.012332
vn -0.9715 -0.2368 0.0000
vn 0.0000 0.0000 -1.0000
vn 0.9715 0.2368 0.0000
vn 0.0000 0.0000 1.0000
vn 0.2368 -0.9715 0.0000
vn -0.2368 0.9715 0.0000
usemtl None
s off
f 393//267 394//267 396//267 395//267
f 395//268 396//268 400//268 399//268
f 399//269 400//269 398//269 397//269
f 397//270 398//270 394//270 393//270
f 395//271 399//271 397//271 393//271
f 400//272 396//272 394//272 398//272
o Cube.025_Cube.026
v -0.282283 15.650068 0.062344
v -0.278466 15.771551 0.062344
v -0.282283 15.650068 0.012332
v -0.278466 15.771551 0.012332
v 0.452252 15.626985 0.062344
v 0.456070 15.748467 0.062344
v 0.452252 15.626985 0.012332
v 0.456070 15.748467 0.012332
vn -0.9995 0.0314 0.0000
vn 0.0000 0.0000 -1.0000
vn 0.9995 -0.0314 0.0000
vn 0.0000 0.0000 1.0000
vn -0.0314 -0.9995 0.0000
vn 0.0314 0.9995 0.0000
usemtl None
s off
f 401//273 402//273 404//273 403//273
f 403//274 404//274 408//274 407//274
f 407//275 408//275 406//275 405//275
f 405//276 406//276 402//276 401//276
f 403//277 407//277 405//277 401//277
f 408//278 404//278 402//278 406//278
o Cube.024_Cube.025
v -0.273947 16.267059 0.062344
v -0.243310 16.384678 0.062344
v -0.273947 16.267059 0.012332
v -0.243310 16.384678 0.012332
v 0.437220 16.081814 0.062344
v 0.467858 16.199432 0.062344
v 0.437220 16.081814 0.012332
v 0.467858 16.199432 0.012332
vn -0.9677 0.2521 0.0000
vn -0.0000 0.0000 -1.0000
vn 0.9677 -0.2521 0.0000
vn 0.0000 0.0000 1.0000
vn -0.2521 -0.9677 0.0000
vn 0.2521 0.9677 0.0000
usemtl None
s off
f 409//279 410//279 412//279 411//279
f 411//280 412//280 416//280 415//280
f 415//281 416//281 414//281 413//281
f 413//282 414//282 410//282 409//282
f 411//283 415//283 413//283 409//283
f 416//284 412//284 410//284 414//284
o Cube.023_Cube.024
v -0.301272 16.664074 0.062344
v -0.290256 16.785116 0.062344
v -0.301272 16.664074 0.012332
v -0.290256 16.785116 0.012332
v 0.430602 16.597469 0.062344
v 0.441618 16.718512 0.062344
v 0.430602 16.597469 0.012332
v 0.441618 16.718512 0.012332
vn -0.9959 0.0906 0.0000
vn -0.0000 0.0000 -1.0000
vn 0.9959 -0.0906 0.0000
vn 0.0000 0.0000 1.0000
vn -0.0906 -0.9959 0.0000
vn 0.0906 0.9959 0.0000
usemtl None
s off
f 417//285 418//285 420//285 419//285
f 419//286 420//286 424//286 423//286
f 423//287 424//287 422//287 421//287
f 421//288 422//288 418//288 417//288
f 419//289 423//289 421//289 417//289
f 424//290 420//290 418//290 422//290
o Cube.022_Cube.023
v -0.301272 17.089563 0.062344
v -0.290256 17.210606 0.062344
v -0.301272 17.089563 0.012332
v -0.290256 17.210606 0.012332
v 0.430602 17.022959 0.062344
v 0.441618 17.144001 0.062344
v 0.430602 17.022959 0.012332
v 0.441618 17.144001 0.012332
vn -0.9959 0.0906 0.0000
vn -0.0000 0.0000 -1.0000
vn 0.9959 -0.0906 0.0000
vn 0.0000 0.0000 1.0000
vn -0.0906 -0.9959 0.0000
vn 0.0906 0.9959 0.0000
usemtl None
s off
f 425//291 426//291 428//291 427//291
f 427//292 428//292 432//292 431//292
f 431//293 432//293 430//293 429//293
f 429//294 430//294 426//294 425//294
f 427//295 431//295 429//295 425//295
f 432//296 428//296 426//296 430//296
o Cube.021_Cube.022
v -0.296806 17.617977 0.062344
v -0.260459 17.733957 0.062344
v -0.296806 17.617977 0.012332
v -0.260459 17.733957 0.012332
v 0.404464 17.398212 0.062344
v 0.440810 17.514193 0.062344
v 0.404464 17.398212 0.012332
v 0.440810 17.514193 0.012332
vn -0.9542 0.2990 0.0000
vn 0.0000 0.0000 -1.0000
vn 0.9542 -0.2990 0.0000
vn 0.0000 0.0000 1.0000
vn -0.2990 -0.9542 0.0000
vn 0.2990 0.9542 0.0000
usemtl None
s off
f 433//297 434//297 436//297 435//297
f 435//298 436//298 440//298 439//298
f 439//299 440//299 438//299 437//299
f 437//300 438//300 434//300 433//300
f 435//301 439//301 437//301 433//301
f 440//302 436//302 434//302 438//302
o Cube.040_Cube.041
v -0.282810 17.905762 0.062344
v -0.288959 18.027147 0.062344
v -0.282810 17.905762 0.012332
v -0.288959 18.027147 0.012332
v 0.451147 17.942942 0.062344
v 0.444998 18.064329 0.062344
v 0.451147 17.942942 0.012332
v 0.444998 18.064329 0.012332
vn -0.9987 -0.0506 0.0000
vn 0.0000 0.0000 -1.0000
vn 0.9987 0.0506 0.0000
vn -0.0000 0.0000 1.0000
vn 0.0506 -0.9987 0.0000
vn -0.0506 0.9987 0.0000
usemtl None
s off
f 441//303 442//303 444//303 443//303
f 443//304 444//304 448//304 447//304
f 447//305 448//305 446//305 445//305
f 445//306 446//306 442//306 441//306
f 443//307 447//307 445//307 441//307
f 448//308 444//308 442//308 446//308
o Cube.039_Cube.040
v -0.277049 18.482260 0.062344
v -0.225298 18.592236 0.062344
v -0.277049 18.482260 0.012332
v -0.225298 18.592236 0.012332
v 0.387907 18.169355 0.062344
v 0.439658 18.279331 0.062344
v 0.387907 18.169355 0.012332
v 0.439658 18.279331 0.012332
vn -0.9048 0.4258 0.0000
vn -0.0000 0.0000 -1.0000
vn 0.9048 -0.4258 0.0000
vn 0.0000 0.0000 1.0000
vn -0.4258 -0.9048 0.0000
vn 0.4258 0.9048 0.0000
usemtl None
s off
f 449//309 450//309 452//309 451//309
f 451//310 452//310 456//310 455//310
f 455//311 456//311 454//311 453//311
f 453//312 454//312 450//312 449//312
f 451//313 455//313 453//313 449//313
f 456//314 452//314 450//314 454//314
